S(5)[12]:2.458699
S(10)[28]:2.961190
S(15)[35]:3.026971
S(20)[46]:3.076862
S(25)[58]:3.098547
S(30)[68]:3.107309
S(35)[68]:3.116945
S(40)[79]:3.119908
S(45)[92]:3.122352
S(50)[86]:3.125528
S(55)[92]:3.128144
S(60)[101]:3.128083
S(65)[107]:3.130301
S(70)[103]:3.131997
S(75)[126]:3.133016
S(80)[122]:3.133024
S(85)[125]:3.133933
S(90)[140]:3.134359
S(95)[134]:3.134171
S(100)[137]:3.135754
S(105)[148]:3.136306
S(110)[152]:3.136169
S(115)[147]:3.136796
S(120)[160]:3.137140
S(125)[171]:3.137312
S(130)[167]:3.137029
S(135)[172]:3.137214
S(140)[181]:3.137489
S(145)[184]:3.137903
S(150)[189]:3.138077
S(155)[191]:3.138402
S(160)[195]:3.138164
S(165)[195]:3.138533
S(170)[206]:3.138471
S(175)[219]:3.138774
S(180)[220]:3.138907
S(185)[213]:3.139152
S(190)[215]:3.139017
S(195)[220]:3.139070
S(200)[223]:3.139251
S(205)[227]:3.139202
S(210)[216]:3.139094
S(215)[241]:3.139286
S(220)[243]:3.139470
S(225)[236]:3.139390
S(230)[256]:3.139693
S(235)[253]:3.139583
S(240)[253]:3.139777
S(245)[256]:3.139744
S(250)[270]:3.139821
S(255)[262]:3.139971
S(260)[255]:3.139899
S(265)[253]:3.139936
S(270)[276]:3.140011
S(275)[288]:3.140157
S(280)[280]:3.140081
S(285)[281]:3.139959
S(290)[297]:3.140121
S(295)[283]:3.140048
S(300)[298]:3.140240
S(305)[300]:3.140195
S(310)[314]:3.140321
S(315)[307]:3.140297
S(320)[330]:3.140341
S(325)[307]:3.140322
S(330)[303]:3.140359
S(335)[331]:3.140441
S(340)[335]:3.140432
S(345)[337]:3.140430
S(350)[316]:3.140464
S(355)[335]:3.140494
S(360)[325]:3.140533
S(365)[352]:3.140523
S(370)[332]:3.140543
S(375)[350]:3.140574
S(380)[358]:3.140580
S(385)[363]:3.140593
S(390)[348]:3.140600
S(395)[371]:3.140654
S(400)[352]:3.140619
S(405)[364]:3.140618
S(410)[355]:3.140633
S(415)[369]:3.140647
S(420)[375]:3.140673
S(425)[390]:3.140659
S(430)[368]:3.140707
S(435)[373]:3.140709
S(440)[391]:3.140788
S(445)[379]:3.140786
S(450)[390]:3.140787
S(455)[388]:3.140808
S(460)[367]:3.140750
S(465)[393]:3.140833
S(470)[405]:3.140830
S(475)[409]:3.140843
S(480)[424]:3.140856
S(485)[427]:3.140920
S(490)[402]:3.140792
S(495)[413]:3.140848
S(500)[420]:3.140887